14.429129144
13.452065244
13.928625559
14.105593164
13.972998806
13.677193821
13.263093920
14.423411507
13.974887798
13.867953526
13.329245971
13.447895953
13.349634889
13.413120070
13.274147011
12.994226897
13.666012240
13.459210530
13.043610393
13.171805558
13.207246101
13.295063987
13.303998728
13.489067866
13.377100514
13.352430440
13.289109798
13.471043349
13.053315249
13.478060262
13.612691591
13.226155121
13.593664521
13.357201206
13.460406401
13.315059518
13.106883360
13.410726855
13.118540136
13.368631983
12.934090627
13.058715981
13.443258347
13.255765952
12.844014211
12.862603827
13.260427652
13.342893720
13.595828699
13.457030708
13.145947739
